bach_brandenburg_1.pdf_0.jpg;13;272;393;443;493;543;609;676;731;780;830;885;962;1033
bach_brandenburg_1.pdf_1.jpg;28;54;88;126;165;202;239;277;318;356;393;431;468;510;556;598;635;677;715;752;790;828;865;899;941;978;1015;1061;1107
bach_brandenburg_1.pdf_10.jpg;28;37;70;108;146;183;221;263;309;346;384;422;460;502;544;590;628;671;709;747;784;823;865;902;940;978;1016;1058;1100
bach_brandenburg_1.pdf_11.jpg;24;36;77;119;160;214;276;318;360;401;443;501;539;597;634;673;710;769;828;865;902;939;977;1035;1077
bach_brandenburg_1.pdf_12.jpg;24;47;93;135;181;235;285;328;369;415;466;516;558;608;654;693;735;781;827;869;911;952;998;1049;1094
bach_brandenburg_1.pdf_13.jpg;24;50;91;128;169;222;268;305;346;387;437;490;540;602;643;685;726;775;821;862;903;945;990;1039;1084
bach_brandenburg_1.pdf_14.jpg;25;42;83;125;125;171;221;271;313;355;401;447;497;544;607;652;695;737;783;830;871;913;955;997;1047;1093
bach_brandenburg_1.pdf_15.jpg;28;36;69;106;142;180;217;259;300;338;374;411;448;490;527;577;618;661;702;739;776;813;859;896;929;967;1004;1049;1091
bach_brandenburg_1.pdf_16.jpg;28;53;90;130;167;203;239;281;317;354;395;432;468;509;554;608;640;674;707;739;776;813;850;882;919;952;988;1029;1078
bach_brandenburg_1.pdf_17.jpg;28;41;75;112;150;187;229;271;317;355;392;430;467;509;547;593;631;669;707;744;782;820;861;899;937;974;1012;1053;1091
bach_brandenburg_1.pdf_18.jpg;25;36;70;183;221;264;306;344;381;381;415;453;496;534;619;663;705;739;777;815;857;895;933;967;1052;1093
bach_brandenburg_1.pdf_19.jpg;22;35;69;102;141;178;216;254;296;373;450;585;618;657;696;734;772;815;857;971;1009;1056;1097
bach_brandenburg_1.pdf_2.jpg;26;44;81;119;156;194;232;315;353;391;429;466;508;550;592;626;663;698;735;816;857;895;933;970;1008;1055;1101
bach_brandenburg_1.pdf_21.jpg;26;39;73;145;182;220;304;342;380;418;456;498;541;600;638;677;714;753;790;829;867;905;943;981;1019;1061;1103
bach_brandenburg_1.pdf_22.jpg;24;45;78;145;178;216;258;376;410;443;489;536;582;616;649;726;763;801;852;890;923;965;1004;1058;1109
bach_brandenburg_1.pdf_23.jpg;25;64;98;136;213;251;298;336;375;447;494;546;597;630;670;704;742;780;824;879;917;956;990;1024;1074;1109
bach_brandenburg_1.pdf_24.jpg;27;34;72;110;186;224;266;317;351;384;418;452;498;541;592;630;669;707;745;778;817;863;901;939;973;1007;1053;1104
bach_brandenburg_1.pdf_25.jpg;26;43;80;118;156;195;275;326;368;402;436;470;520;560;610;648;683;724;759;797;836;882;916;950;984;1068;1110
bach_brandenburg_1.pdf_26.jpg;27;36;74;150;188;230;273;324;362;400;438;472;519;565;612;645;684;718;755;802;840;878;916;950;987;1021;1055;1101
bach_brandenburg_1.pdf_27.jpg;27;31;68;106;140;174;207;246;292;331;369;403;437;535;586;624;663;701;739;773;820;866;900;934;968;1002;1048;1094
bach_brandenburg_1.pdf_28.jpg;22;39;76;114;164;210;252;344;386;444;490;537;583;629;688;746;805;851;897;943;989;1039;1093
bach_brandenburg_1.pdf_29.jpg;23;37;83;130;176;222;278;332;392;439;485;535;578;629;685;743;785;828;879;925;967;1022;1064;1106
bach_brandenburg_1.pdf_3.jpg;28;47;80;118;156;193;230;272;310;348;385;423;460;502;540;582;619;661;699;737;774;816;858;896;934;971;1008;1055;1101
bach_brandenburg_1.pdf_4.jpg;28;39;77;119;157;195;233;275;317;355;393;431;469;511;549;596;633;677;714;753;789;828;870;907;945;983;1021;1063;1105
bach_brandenburg_1.pdf_5.jpg;28;50;87;128;165;202;243;284;325;358;391;433;474;515;557;602;639;682;719;756;793;831;872;909;947;983;1016;1058;1095
bach_brandenburg_1.pdf_6.jpg;28;28;61;99;137;175;213;251;293;331;368;406;444;491;533;579;613;651;685;719;757;799;842;888;926;964;1002;1048;1094
bach_brandenburg_1.pdf_7.jpg;29;64;97;134;171;208;245;245;286;327;364;401;438;475;516;562;607;640;682;718;756;793;830;872;909;945;982;1019;1060;1101
bach_brandenburg_1.pdf_8.jpg;28;33;67;105;139;177;215;258;304;342;380;419;457;504;551;597;635;674;708;742;780;818;865;903;942;980;1017;1064;1106
bach_brandenburg_1.pdf_9.jpg;29;38;76;117;154;193;231;273;273;319;357;396;434;471;518;556;602;641;679;717;755;793;831;874;912;946;983;1021;1068;1109
chopin_ballades.pdf_0.jpg;0
chopin_ballades.pdf_1.jpg;0
chopin_ballades.pdf_11.jpg;11;184;267;338;436;514;610;687;798;870;961;1032
chopin_ballades.pdf_12.jpg;10;127;288;357;454;615;685;785;849;945;1008
chopin_ballades.pdf_13.jpg;12;132;201;298;366;442;518;601;670;772;844;956;1027
chopin_ballades.pdf_14.jpg;10;236;314;414;492;591;670;770;848;948;1027
chopin_ballades.pdf_15.jpg;12;114;183;267;336;457;526;623;692;785;849;959;1029
chopin_ballades.pdf_16.jpg;12;118;188;286;356;454;524;624;692;785;854;947;1013
chopin_ballades.pdf_17.jpg;12;132;203;305;376;467;538;629;700;790;863;952;1024
chopin_ballades.pdf_18.jpg;12;137;206;294;365;460;529;626;695;792;861;951;1017
chopin_ballades.pdf_19.jpg;12;122;192;292;363;461;530;631;700;787;854;950;1016
chopin_ballades.pdf_2.jpg;10;269;342;448;521;614;687;783;856;951;1023
chopin_ballades.pdf_20.jpg;12;118;184;277;346;444;511;615;683;791;858;952;1019
chopin_ballades.pdf_21.jpg;12;115;183;281;356;460;528;625;697;795;866;956;1023
chopin_ballades.pdf_22.jpg;10;218;297;393;471;568;647;743;822;928;1006
chopin_ballades.pdf_23.jpg;10;146;229;344;428;533;617;722;805;910;993
chopin_ballades.pdf_24.jpg;10;154;235;345;426;535;616;726;807;916;998
chopin_ballades.pdf_25.jpg;10;139;216;342;418;534;611;725;810;916;1000
chopin_ballades.pdf_26.jpg;10;148;231;338;422;530;612;720;802;910;996
chopin_ballades.pdf_27.jpg;10;156;236;345;426;535;616;732;813;921;1001
chopin_ballades.pdf_28.jpg;12;117;193;294;373;467;541;629;697;792;866;961;1036
chopin_ballades.pdf_29.jpg;13;117;196;290;358;423;455;532;621;697;800;880;963;1034
chopin_ballades.pdf_3.jpg;12;131;204;290;363;459;532;619;692;783;856;950;1027
chopin_ballades.pdf_30.jpg;12;129;208;299;378;460;533;621;690;779;852;951;1030
chopin_ballades.pdf_31.jpg;12;129;199;295;367;476;544;652;719;825;892;978;1034
chopin_ballades.pdf_32.jpg;10;218;299;395;476;580;659;757;836;933;1010
chopin_ballades.pdf_33.jpg;10;154;237;347;430;540;622;733;815;926;1009
chopin_ballades.pdf_34.jpg;10;140;221;336;418;541;623;737;819;918;1008
chopin_ballades.pdf_35.jpg;10;145;231;345;425;534;617;735;817;939;1020
chopin_ballades.pdf_36.jpg;10;135;222;321;408;522;608;714;801;920;1005
chopin_ballades.pdf_37.jpg;10;140;225;334;421;528;612;729;813;935;1019
chopin_ballades.pdf_38.jpg;12;115;196;278;360;457;528;618;703;793;872;967;1034
chopin_ballades.pdf_39.jpg;12;117;194;279;356;449;525;618;696;780;857;942;1025
chopin_ballades.pdf_4.jpg;12;122;193;315;356;441;507;608;683;781;852;953;1029
chopin_ballades.pdf_40.jpg;12;121;190;288;363;434;534;635;707;798;870;954;1026
chopin_ballades.pdf_41.jpg;12;119;189;280;351;443;514;605;675;775;846;945;1015
chopin_ballades.pdf_42.jpg;12;118;189;281;359;445;523;615;686;787;858;952;1022
chopin_ballades.pdf_43.jpg;10;143;224;345;426;534;615;715;804;931;1012
chopin_ballades.pdf_44.jpg;10;131;212;342;426;547;629;738;820;931;1016
chopin_ballades.pdf_45.jpg;12;122;194;290;365;464;538;635;705;794;863;952;1020
chopin_ballades.pdf_5.jpg;12;133;207;295;371;462;533;623;693;784;853;946;1021
chopin_ballades.pdf_6.jpg;10;145;225;328;416;528;616;728;808;924;1004
chopin_ballades.pdf_7.jpg;10;142;223;334;422;542;630;735;816;922;1004
chopin_ballades.pdf_8.jpg;12;129;198;294;355;458;527;641;706;797;866;954;1022
chopin_ballades.pdf_9.jpg;12;126;196;297;368;468;545;644;714;793;863;963;1031
fidelio.pdf_0.jpg;0
fidelio.pdf_1.jpg;0
fidelio.pdf_10.jpg;17;166;224;284;337;397;449;500;554;598;650;724;777;830;882;934;1007;1058
fidelio.pdf_11.jpg;17;170;224;278;340;399;451;502;553;595;646;719;775;833;886;938;1011;1066
fidelio.pdf_12.jpg;17;169;221;280;340;396;447;503;555;598;650;725;777;834;886;938;1014;1070
fidelio.pdf_13.jpg;17;176;232;284;342;401;452;503;554;597;649;723;777;832;888;942;1018;1070
fidelio.pdf_14.jpg;17;165;218;272;325;384;437;495;547;589;639;714;766;826;885;938;1018;1071
fidelio.pdf_15.jpg;24;150;186;224;265;304;343;385;434;474;507;540;592;624;683;729;765;807;847;883;925;968;999;1051;1089
fidelio.pdf_16.jpg;23;148;195;233;272;311;347;389;432;471;525;570;641;683;719;755;796;845;886;923;961;994;1041;1073
fidelio.pdf_17.jpg;22;146;190;227;265;305;359;403;441;486;520;570;614;681;718;759;799;856;894;945;981;1030;1079
fidelio.pdf_18.jpg;17;166;224;283;343;401;453;510;561;603;652;729;779;835;891;947;1022;1068
fidelio.pdf_19.jpg;17;172;227;290;345;408;462;515;564;605;653;730;782;840;892;944;1018;1068
fidelio.pdf_2.jpg;17;293;340;390;432;480;529;577;619;656;697;763;816;864;911;956;1021;1070
fidelio.pdf_20.jpg;17;180;235;297;350;411;464;518;569;610;661;737;790;844;897;949;1025;1076
fidelio.pdf_21.jpg;17;174;226;283;341;403;454;505;556;599;649;725;776;833;885;938;1013;1072
fidelio.pdf_22.jpg;17;163;218;272;333;393;440;487;535;576;624;701;756;812;867;923;1001;1056
fidelio.pdf_23.jpg;17;158;216;274;335;396;448;499;557;599;647;723;780;834;885;937;1013;1058
fidelio.pdf_24.jpg;16;164;270;329;389;441;494;544;586;636;713;768;822;875;928;1003;1060
fidelio.pdf_25.jpg;17;160;212;265;325;385;437;489;545;587;637;714;766;818;877;929;1004;1061
fidelio.pdf_26.jpg;17;155;208;268;327;388;440;492;545;587;637;714;766;818;874;928;1000;1048
fidelio.pdf_27.jpg;17;152;209;269;325;385;437;497;549;599;652;726;782;833;883;934;1005;1055
fidelio.pdf_28.jpg;24;139;186;236;277;317;352;382;428;459;507;552;616;652;686;721;756;802;840;874;914;949;982;1030;1071
fidelio.pdf_29.jpg;23;137;179;221;270;308;348;391;438;478;543;585;623;661;703;746;790;828;875;912;952;988;1039;1079
fidelio.pdf_3.jpg;17;167;224;279;335;394;444;500;549;592;641;718;773;823;879;934;1009;1065
fidelio.pdf_30.jpg;17;184;241;293;345;403;453;504;561;612;663;736;787;844;900;956;1028;1078
fidelio.pdf_31.jpg;17;173;229;284;340;400;453;504;558;607;657;729;780;838;893;948;1021;1073
fidelio.pdf_32.jpg;17;166;220;275;331;389;441;496;550;599;648;727;782;840;895;949;1023;1077
fidelio.pdf_33.jpg;17;161;216;271;323;380;436;491;546;596;645;723;782;839;893;946;1020;1073
fidelio.pdf_34.jpg;17;156;207;258;314;375;425;476;527;578;629;704;765;823;878;935;1008;1058
fidelio.pdf_4.jpg;23;145;180;217;264;306;356;400;442;485;533;599;634;670;707;743;790;835;871;909;950;993;1037;1085
fidelio.pdf_5.jpg;17;168;222;280;333;392;448;504;553;596;646;722;780;831;882;933;1009;1058
fidelio.pdf_6.jpg;23;149;187;232;269;306;344;385;432;477;514;551;599;651;717;755;792;831;879;915;951;987;1034;1082
fidelio.pdf_7.jpg;20;174;217;266;314;372;419;460;501;555;601;677;723;765;826;867;908;953;994;1045;1087
fidelio.pdf_8.jpg;17;175;233;291;349;406;456;515;565;608;657;729;781;832;890;942;1014;1070
fidelio.pdf_9.jpg;17;163;216;276;330;391;443;496;546;589;639;713;767;826;878;931;1005;1054

