1.pdf_0.jpg;0
1.pdf_1.jpg;0
1.pdf_10.jpg;10;88;178;317;406;545;634;773;862;1001;1090
1.pdf_11.jpg;12;80;155;263;337;446;519;628;701;809;883;992;1069
1.pdf_12.jpg;12;71;152;263;340;455;532;648;730;842;925;1036;1112
1.pdf_13.jpg;12;79;155;261;337;443;523;624;700;812;887;1000;1075
1.pdf_14.jpg;12;95;171;281;358;469;546;656;732;843;917;1037;1116
1.pdf_15.jpg;10;125;210;341;425;554;639;769;853;982;1067
1.pdf_16.jpg;12;81;159;271;350;462;543;653;731;845;922;1035;1113
1.pdf_17.jpg;10;112;198;329;412;543;631;762;848;979;1064
1.pdf_18.jpg;12;87;167;279;358;471;545;655;742;852;924;1032;1111
1.pdf_19.jpg;10;115;200;331;418;548;634;765;851;982;1070
1.pdf_2.jpg;0
1.pdf_20.jpg;12;82;168;277;360;473;549;661;747;856;933;1045;1115
1.pdf_21.jpg;10;122;210;335;422;549;635;763;849;975;1070
1.pdf_22.jpg;10;93;185;322;413;552;642;780;870;1009;1099
1.pdf_23.jpg;10;111;202;325;410;539;625;752;837;967;1052
1.pdf_24.jpg;12;66;149;262;343;456;536;650;730;843;924;1030;1110
1.pdf_25.jpg;10;119;204;333;417;547;632;759;849;972;1063
1.pdf_26.jpg;12;65;147;257;346;452;540;646;733;838;921;1030;1113
1.pdf_27.jpg;12;87;163;262;337;435;511;610;691;797;878;984;1068
1.pdf_28.jpg;12;63;144;256;341;452;535;640;729;831;918;1032;1114
1.pdf_29.jpg;10;112;196;321;411;534;623;745;828;955;1042
1.pdf_3.jpg;10;214;292;410;487;605;682;799;881;994;1070
1.pdf_30.jpg;10;98;191;324;417;549;644;774;868;1000;1090
1.pdf_31.jpg;10;123;211;337;424;549;637;761;848;972;1061
1.pdf_32.jpg;10;88;182;314;408;543;637;768;865;997;1094
1.pdf_4.jpg;10;90;180;316;411;543;634;770;860;996;1086
1.pdf_5.jpg;12;88;157;267;336;447;516;635;705;822;889;1002;1080
1.pdf_6.jpg;12;70;147;262;339;454;531;647;723;839;922;1036;1113
1.pdf_7.jpg;12;91;165;272;348;455;535;637;715;819;896;1001;1083
1.pdf_8.jpg;12;87;164;276;353;465;543;654;731;843;919;1032;1109
1.pdf_9.jpg;10;126;212;341;427;556;642;770;855;985;1071
2.pdf_0.jpg;13;148;217;316;389;495;561;591;665;735;838;907;1007;1078
2.pdf_1.jpg;12;82;152;268;335;451;523;637;714;828;897;1010;1086
2.pdf_10.jpg;10;74;162;306;394;537;625;769;857;1000;1088
2.pdf_11.jpg;10;101;183;321;404;542;627;772;859;1008;1091
2.pdf_12.jpg;10;78;160;305;388;532;615;759;842;992;1081
2.pdf_13.jpg;10;118;204;345;431;567;652;785;871;1005;1088
2.pdf_14.jpg;10;107;196;328;416;548;636;768;857;988;1076
2.pdf_15.jpg;10;101;192;331;416;553;638;775;860;996;1081
2.pdf_16.jpg;10;86;171;314;399;542;627;770;856;999;1084
2.pdf_17.jpg;10;128;215;341;428;555;642;768;856;982;1069
2.pdf_18.jpg;10;75;164;301;391;528;617;755;845;982;1072
2.pdf_19.jpg;12;98;179;283;356;461;536;636;710;815;886;999;1080
2.pdf_2.jpg;12;77;142;263;333;447;518;633;705;825;898;1020;1088
2.pdf_20.jpg;12;93;168;272;340;448;525;630;712;817;897;1009;1088
2.pdf_21.jpg;12;95;166;277;348;459;531;642;713;824;899;1007;1084
2.pdf_22.jpg;12;75;147;257;330;449;530;638;706;816;887;995;1085
2.pdf_23.jpg;10;110;203;339;429;558;640;768;856;992;1084
2.pdf_24.jpg;10;94;175;311;390;527;608;749;847;991;1074
2.pdf_25.jpg;12;95;171;280;348;455;527;635;709;823;897;1006;1085
2.pdf_26.jpg;12;81;157;283;357;469;542;646;729;831;904;1007;1085
2.pdf_27.jpg;10;90;178;317;404;544;630;770;857;997;1083
2.pdf_28.jpg;10;78;163;308;394;538;626;769;856;1001;1087
2.pdf_29.jpg;12;124;193;304;372;484;552;663;731;844;912;1023;1091
2.pdf_3.jpg;12;77;143;263;333;447;518;633;705;825;898;1021;1088
2.pdf_30.jpg;12;108;181;282;355;461;530;640;720;822;902;1003;1077
2.pdf_31.jpg;13;86;160;272;346;456;457;531;643;717;829;902;1015;1089
2.pdf_32.jpg;12;78;149;260;332;442;515;626;704;814;889;1000;1079
2.pdf_33.jpg;12;113;188;292;365;468;543;647;724;821;898;1005;1081
2.pdf_34.jpg;12;76;155;261;336;442;515;621;694;805;884;988;1075
2.pdf_35.jpg;12;104;172;286;354;469;536;651;718;834;901;1016;1088
2.pdf_36.jpg;12;90;157;264;339;444;514;619;703;809;885;997;1079
2.pdf_37.jpg;10;113;200;334;421;554;641;776;861;996;1082
2.pdf_38.jpg;10;98;182;319;400;537;614;750;837;976;1065
2.pdf_39.jpg;12;96;171;274;349;450;531;645;720;830;903;1015;1090
2.pdf_4.jpg;12;93;173;284;355;466;538;643;715;822;901;1018;1086
2.pdf_40.jpg;12;100;170;282;358;462;542;641;713;819;900;1005;1093
2.pdf_41.jpg;12;81;151;262;330;453;532;641;707;814;885;1003;1081
2.pdf_42.jpg;12;80;154;266;341;453;529;641;716;828;904;1016;1087
2.pdf_43.jpg;14;105;168;253;317;403;464;549;612;703;769;863;925;1014;1082
2.pdf_44.jpg;14;99;167;253;314;390;452;555;613;714;770;848;928;1006;1085
2.pdf_45.jpg;12;67;143;266;325;450;519;640;717;830;907;1014;1088
2.pdf_46.jpg;12;96;175;283;352;459;530;642;718;813;884;986;1056
2.pdf_47.jpg;12;94;166;270;347;464;537;640;714;826;903;1015;1089
2.pdf_48.jpg;12;94;166;262;341;449;519;627;709;806;883;990;1073
2.pdf_5.jpg;12;108;174;286;358;470;541;647;720;846;913;1018;1088
2.pdf_6.jpg;12;82;151;254;321;433;513;612;691;799;879;984;1064
2.pdf_7.jpg;12;88;160;270;343;453;525;635;708;825;898;1009;1081
2.pdf_8.jpg;12;74;138;239;303;404;485;629;704;804;880;985;1061
2.pdf_9.jpg;10;96;186;319;418;554;646;790;873;1005;1088
3.pdf_0.jpg;12;186;244;344;408;503;568;660;728;819;887;977;1047
3.pdf_1.jpg;12;99;170;269;335;434;503;602;670;767;833;933;1004
3.pdf_10.jpg;12;111;187;270;342;432;506;599;671;767;841;951;1026
3.pdf_11.jpg;12;109;187;277;354;444;521;611;689;780;857;946;1023
3.pdf_12.jpg;12;112;192;283;359;451;529;620;698;789;865;958;1034
3.pdf_13.jpg;10;109;182;310;379;504;575;704;775;905;978
3.pdf_14.jpg;10;105;185;303;382;501;580;699;779;897;977
3.pdf_15.jpg;10;106;182;305;383;506;582;706;788;906;990
3.pdf_16.jpg;12;106;175;266;335;425;495;591;660;757;826;923;993
3.pdf_17.jpg;12;104;162;263;336;437;508;609;679;794;864;961;1043
3.pdf_18.jpg;12;109;181;278;349;446;518;624;691;799;869;963;1032
3.pdf_19.jpg;12;106;171;276;349;443;509;605;670;770;842;925;991
3.pdf_2.jpg;12;95;166;260;329;426;495;592;660;755;824;920;991
3.pdf_20.jpg;12;108;181;269;336;443;507;627;694;801;865;968;1033
3.pdf_21.jpg;12;113;177;263;330;439;513;609;679;767;842;931;1001
3.pdf_22.jpg;15;107;169;251;312;393;455;536;597;678;734;806;814;874;962;1022
3.pdf_3.jpg;12;94;160;259;324;421;489;585;651;749;817;913;981
3.pdf_4.jpg;12;97;157;258;315;417;486;579;648;753;822;939;1010
3.pdf_5.jpg;12;96;162;272;333;434;494;595;659;757;817;919;992
3.pdf_6.jpg;12;100;176;285;358;475;544;653;716;802;867;956;1021
3.pdf_7.jpg;12;98;160;258;328;425;498;603;665;762;829;932;1004
3.pdf_8.jpg;12;110;177;276;346;445;514;614;681;779;840;948;1022
3.pdf_9.jpg;12;108;182;286;359;450;524;621;693;791;858;959;1030
4.pdf_0.jpg;0
4.pdf_1.jpg;0
4.pdf_10.jpg;12;117;189;289;359;452;523;623;694;795;865;963;1040
4.pdf_100.jpg;12;103;157;260;313;423;494;605;672;784;850;953;1021
4.pdf_101.jpg;12;93;165;280;356;463;525;635;697;809;865;966;1024
4.pdf_102.jpg;12;93;154;244;308;398;468;596;658;783;854;971;1027
4.pdf_103.jpg;12;91;149;265;326;437;495;603;660;776;837;955;1019
4.pdf_104.jpg;12;125;197;292;363;482;546;656;719;829;884;993;1046
4.pdf_105.jpg;12;97;164;265;333;435;503;606;676;777;844;959;1029
4.pdf_106.jpg;12;99;158;245;330;429;488;585;670;779;849;960;1026
4.pdf_107.jpg;8;210;297;445;531;672;758;893;980
4.pdf_108.jpg;10;91;175;301;384;510;599;719;807;925;1013
4.pdf_109.jpg;11;100;188;304;389;498;580;703;791;899;989;1056
4.pdf_11.jpg;11;99;169;277;347;461;537;652;742;871;944;1014
4.pdf_110.jpg;10;120;196;329;412;543;626;749;818;940;1016
4.pdf_111.jpg;10;78;148;276;359;487;565;706;783;922;999
4.pdf_112.jpg;12;94;157;279;346;467;529;636;692;799;855;961;1017
4.pdf_113.jpg;12;110;169;282;340;447;497;591;655;761;810;904;962
4.pdf_114.jpg;12;110;163;256;323;437;491;583;656;790;846;934;1019
4.pdf_115.jpg;12;98;159;253;322;446;508;601;670;794;856;949;1019
4.pdf_116.jpg;12;107;160;261;330;454;511;598;674;805;862;948;1031
4.pdf_117.jpg;10;123;199;319;395;516;591;719;794;935;1011
4.pdf_118.jpg;10;116;190;317;390;517;592;738;812;938;1008
4.pdf_119.jpg;0
4.pdf_12.jpg;12;151;215;286;406;474;543;646;721;785;892;959;1027
4.pdf_13.jpg;12;106;183;316;392;524;599;719;800;920;976;1049;1080
4.pdf_14.jpg;12;123;181;292;350;448;513;617;682;786;849;953;1018
4.pdf_15.jpg;13;106;175;273;343;441;510;607;677;774;842;946;1021;1077
4.pdf_16.jpg;12;122;192;287;359;454;524;626;696;799;867;974;1044
4.pdf_17.jpg;11;108;186;294;363;440;568;645;755;825;940;1010
4.pdf_18.jpg;12;111;183;279;350;450;520;618;692;796;864;962;1031
4.pdf_19.jpg;10;120;204;319;410;531;607;729;798;933;1004
4.pdf_2.jpg;0
4.pdf_20.jpg;11;116;204;330;414;533;616;735;805;921;991;1062
4.pdf_21.jpg;8;254;337;474;550;737;813;938;1022
4.pdf_22.jpg;10;122;193;314;397;521;605;728;806;932;1015
4.pdf_23.jpg;12;90;159;270;329;428;504;609;679;784;842;940;1016
4.pdf_24.jpg;10;85;169;296;386;506;583;717;793;919;1003
4.pdf_25.jpg;12;99;201;260;323;414;484;577;640;802;860;956;1026
4.pdf_26.jpg;12;105;173;273;341;442;514;608;679;783;858;962;1039
4.pdf_27.jpg;12;89;159;260;329;441;507;607;673;778;844;946;1012
4.pdf_28.jpg;12;127;190;296;358;464;527;632;694;801;868;974;1041
4.pdf_29.jpg;12;111;182;282;346;445;507;606;669;768;828;927;998
4.pdf_3.jpg;0
4.pdf_30.jpg;12;104;178;281;353;456;528;631;704;806;872;974;1043
4.pdf_31.jpg;10;105;171;280;349;452;520;635;710;920;994
4.pdf_32.jpg;10;127;205;333;409;537;615;743;825;951;1035
4.pdf_33.jpg;15;101;178;285;354;178;285;355;445;531;602;693;779;846;955;1033
4.pdf_34.jpg;13;153;226;325;390;456;550;612;680;773;835;890;981;1045
4.pdf_35.jpg;12;127;192;284;354;447;517;610;680;773;841;934;998
4.pdf_36.jpg;10;175;239;355;420;535;619;735;800;914;979
4.pdf_37.jpg;10;111;188;315;389;514;592;725;804;929;1013
4.pdf_38.jpg;10;110;184;318;398;532;607;741;816;942;1017
4.pdf_39.jpg;10;106;172;306;373;507;587;721;799;933;1013
4.pdf_4.jpg;0
4.pdf_40.jpg;10;107;175;293;374;506;586;705;798;942;1023
4.pdf_41.jpg;10;183;248;354;427;545;618;740;819;935;1015
4.pdf_42.jpg;10;77;156;283;359;492;569;702;779;911;988
4.pdf_43.jpg;10;103;172;313;376;490;560;695;765;886;977
4.pdf_44.jpg;10;134;209;328;403;542;617;762;830;969;1036
4.pdf_45.jpg;10;158;228;372;453;597;660;782;839;970;1045
4.pdf_46.jpg;12;117;193;294;358;459;523;624;687;795;865;976;1047
4.pdf_47.jpg;12;99;166;272;337;449;514;622;687;793;857;965;1029
4.pdf_48.jpg;10;122;201;323;402;524;603;739;824;951;1031
4.pdf_49.jpg;10;122;196;323;397;522;597;741;815;953;1027
4.pdf_5.jpg;8;254;333;470;549;678;757;899;976
4.pdf_50.jpg;10;214;303;413;502;613;690;801;877;988;1052
4.pdf_51.jpg;10;123;198;325;401;528;603;723;803;917;1001
4.pdf_52.jpg;10;78;152;266;354;482;558;675;767;897;975
4.pdf_53.jpg;10;86;176;314;392;523;608;732;810;927;1006
4.pdf_54.jpg;10;88;179;299;382;518;602;738;816;951;1022
4.pdf_55.jpg;10;104;181;316;392;526;602;729;812;947;1024
4.pdf_56.jpg;10;97;171;305;378;518;595;736;801;946;1018
4.pdf_57.jpg;10;90;177;304;373;501;575;717;782;929;996
4.pdf_58.jpg;10;202;271;385;468;583;660;774;852;966;1038
4.pdf_59.jpg;10;108;192;316;400;533;619;757;819;934;998
4.pdf_6.jpg;10;131;218;334;415;530;613;742;823;936;1025
4.pdf_60.jpg;12;118;187;307;386;514;565;633;703;816;859;951;1024
4.pdf_61.jpg;12;92;154;259;334;439;514;621;681;817;871;970;1024
4.pdf_62.jpg;12;103;173;304;379;503;560;652;708;805;873;977;1045
4.pdf_63.jpg;10;128;206;331;411;535;615;742;818;943;1022
4.pdf_64.jpg;12;102;173;276;345;451;520;625;695;801;868;972;1043
4.pdf_65.jpg;12;93;160;260;327;419;487;582;649;752;824;925;1001
4.pdf_66.jpg;10;121;202;319;399;516;596;713;794;935;1023
4.pdf_67.jpg;10;115;187;321;394;525;606;745;816;948;1021
4.pdf_68.jpg;10;197;260;346;409;517;579;668;743;833;914
4.pdf_69.jpg;12;190;273;398;464;535;646;705;819;877;973;1033;1032
4.pdf_7.jpg;10;120;203;322;413;532;622;736;824;952;1041
4.pdf_70.jpg;12;115;186;287;357;451;528;641;710;811;878;967;1031
4.pdf_71.jpg;10;104;186;326;407;526;606;724;803;921;1000
4.pdf_72.jpg;10;128;205;309;387;491;562;666;738;842;919
4.pdf_73.jpg;12;109;174;282;341;448;543;619;679;791;860;963;1026
4.pdf_74.jpg;13;100;166;269;334;444;511;610;673;768;834;926;994;1071
4.pdf_75.jpg;13;98;165;262;336;431;513;613;671;769;832;890;927;997
4.pdf_76.jpg;12;109;172;272;334;433;495;593;656;755;816;914;968
4.pdf_77.jpg;0
4.pdf_78.jpg;10;110;195;328;391;515;585;717;787;908;978
4.pdf_79.jpg;12;99;162;275;336;445;515;638;700;810;869;981;1040
4.pdf_8.jpg;10;134;211;331;412;532;609;743;823;942;1012
4.pdf_80.jpg;12;106;169;270;337;439;505;617;680;791;857;962;1027
4.pdf_81.jpg;12;96;170;271;344;446;506;596;660;765;829;932;994
4.pdf_82.jpg;12;99;169;276;340;433;492;584;655;754;826;915;987
4.pdf_83.jpg;12;103;167;263;336;441;515;627;691;796;855;949;1020
4.pdf_84.jpg;12;109;186;298;356;474;532;648;703;818;871;989;1043
4.pdf_85.jpg;12;111;163;269;345;443;505;607;665;750;811;923;993
4.pdf_86.jpg;8;220;298;454;538;721;806;939;1020
4.pdf_87.jpg;11;106;177;353;427;492;605;674;740;864;943;1010
4.pdf_88.jpg;11;95;170;344;411;474;579;640;759;821;927;992
4.pdf_89.jpg;10;96;167;299;369;486;560;678;752;883;957
4.pdf_9.jpg;10;140;218;352;423;576;660;787;857;963;1026
4.pdf_90.jpg;12;99;175;278;351;453;526;624;698;805;870;975;1030
4.pdf_91.jpg;12;93;147;244;305;402;465;553;620;719;785;884;949
4.pdf_92.jpg;10;123;198;331;405;536;599;734;802;933;1007
4.pdf_93.jpg;10;119;188;299;373;516;583;712;782;919;991
4.pdf_94.jpg;12;109;176;282;338;438;505;621;686;800;865;970;1026
4.pdf_95.jpg;10;115;187;330;400;543;613;762;833;943;1010
4.pdf_96.jpg;10;123;195;324;399;525;598;736;817;941;1013
4.pdf_97.jpg;10;117;191;328;405;517;589;702;782;908;980
4.pdf_98.jpg;12;130;193;299;366;469;532;634;702;804;871;962;1036
4.pdf_99.jpg;12;121;184;291;352;459;521;629;690;807;869;987;1042
5.pdf_0.jpg;0
5.pdf_1.jpg;0
5.pdf_10.jpg;10;88;178;311;407;537;625;762;848;984;1074
5.pdf_100.jpg;12;90;166;273;345;452;529;648;725;832;905;1013;1085
5.pdf_101.jpg;12;115;175;279;352;456;529;635;708;819;894;1004;1079
5.pdf_102.jpg;13;86;164;274;275;349;454;529;634;715;823;903;1002;1085
5.pdf_103.jpg;12;115;197;293;371;474;551;648;722;819;896;999;1078
5.pdf_104.jpg;12;84;166;269;351;455;532;637;718;825;907;1010;1085
5.pdf_105.jpg;12;130;194;303;375;478;553;661;733;842;914;1019;1091
5.pdf_106.jpg;12;72;147;262;335;449;523;638;712;826;899;1016;1090
5.pdf_107.jpg;8;216;316;469;558;711;818;978;1068
5.pdf_108.jpg;10;78;168;303;393;529;624;761;850;986;1084
5.pdf_109.jpg;10;116;199;322;417;546;636;763;856;985;1078
5.pdf_11.jpg;14;96;163;248;315;404;472;560;629;720;793;874;945;1031;1094
5.pdf_110.jpg;12;69;142;263;342;453;533;647;727;839;914;1020;1089
5.pdf_111.jpg;12;130;195;297;367;477;540;653;723;835;901;1008;1079
5.pdf_112.jpg;12;81;153;265;336;437;509;622;700;810;886;1001;1076
5.pdf_113.jpg;10;150;234;354;446;571;655;780;865;989;1075
5.pdf_114.jpg;12;89;172;280;361;460;526;631;709;808;905;1002;1086
5.pdf_115.jpg;12;82;158;269;338;448;528;639;717;828;899;1010;1091
5.pdf_116.jpg;12;77;156;264;340;454;531;636;715;823;901;1007;1085
5.pdf_117.jpg;10;91;185;309;405;529;609;738;817;960;1043
5.pdf_118.jpg;10;92;180;303;385;518;614;745;834;957;1057
5.pdf_119.jpg;10;135;213;338;419;550;634;774;858;991;1075
5.pdf_12.jpg;14;63;128;218;284;374;442;531;603;693;766;849;924;1016;1087
5.pdf_120.jpg;12;86;151;261;326;438;508;623;690;808;886;1005;1083
5.pdf_121.jpg;12;81;147;252;317;438;509;628;703;818;895;1004;1084
5.pdf_122.jpg;12;79;158;265;325;442;512;628;708;815;894;1011;1080
5.pdf_123.jpg;0
5.pdf_124.jpg;0
5.pdf_125.jpg;0
5.pdf_126.jpg;0
5.pdf_127.jpg;0
5.pdf_128.jpg;0
5.pdf_129.jpg;0
5.pdf_13.jpg;12;113;188;281;363;462;542;649;736;836;908;1016;1095
5.pdf_130.jpg;0
5.pdf_131.jpg;0
5.pdf_132.jpg;0
5.pdf_133.jpg;0
5.pdf_14.jpg;12;80;161;274;349;461;532;644;718;830;901;1015;1076
5.pdf_15.jpg;10;86;159;307;384;531;620;760;841;989;1077
5.pdf_16.jpg;10;85;166;313;399;547;632;780;866;1003;1084
5.pdf_17.jpg;12;115;185;291;368;469;544;645;722;830;904;1013;1086
5.pdf_18.jpg;14;62;133;220;291;380;448;548;610;701;760;853;923;1016;1090
5.pdf_19.jpg;10;148;227;356;441;569;653;784;869;999;1081
5.pdf_2.jpg;0
5.pdf_20.jpg;12;84;160;265;346;453;533;643;721;828;906;1014;1092
5.pdf_21.jpg;12;77;150;264;342;456;534;646;722;835;908;1020;1095
5.pdf_22.jpg;11;71;145;257;340;451;643;718;828;904;1013;1088
5.pdf_23.jpg;12;113;182;294;360;475;542;655;723;836;902;1014;1082
5.pdf_24.jpg;10;78;148;264;335;453;524;640;827;897;1019
5.pdf_25.jpg;12;120;185;277;350;467;540;655;728;836;906;1015;1093
5.pdf_26.jpg;12;86;166;265;345;452;521;626;700;815;892;1021;1097
5.pdf_27.jpg;12;114;187;288;354;457;539;642;721;833;908;1020;1094
5.pdf_28.jpg;12;67;144;254;325;435;509;617;690;802;892;1010;1091
5.pdf_29.jpg;12;122;196;288;362;465;538;643;723;823;908;1013;1089
5.pdf_3.jpg;12;174;247;341;416;510;585;677;749;840;917;1002;1076
5.pdf_30.jpg;12;75;141;250;326;435;513;620;697;808;887;1008;1092
5.pdf_31.jpg;10;127;219;346;434;561;643;771;862;995;1092
5.pdf_32.jpg;12;61;142;245;326;432;512;621;707;811;901;1005;1086
5.pdf_33.jpg;10;93;181;313;406;542;633;765;858;997;1084
5.pdf_34.jpg;10;94;183;316;418;553;648;767;857;992;1082
5.pdf_35.jpg;12;122;195;300;372;478;549;655;724;838;909;1021;1090
5.pdf_36.jpg;12;89;163;275;347;464;533;647;717;831;892;1006;1081
5.pdf_37.jpg;12;109;174;284;350;467;537;649;723;833;906;1015;1078
5.pdf_38.jpg;12;84;149;261;329;436;517;631;699;820;886;1006;1080
5.pdf_39.jpg;10;131;209;339;422;557;639;780;863;994;1075
5.pdf_4.jpg;12;75;156;256;337;439;520;625;706;813;895;1002;1080
5.pdf_40.jpg;12;86;148;263;327;444;512;627;694;810;885;1006;1084
5.pdf_41.jpg;12;83;147;259;324;444;509;630;701;821;894;1007;1083
5.pdf_42.jpg;12;80;156;267;327;448;517;633;709;821;896;1011;1075
5.pdf_43.jpg;10;129;205;338;421;555;643;775;860;993;1079
5.pdf_44.jpg;10;97;177;316;399;541;623;763;844;991;1073
5.pdf_45.jpg;12;136;212;317;391;500;569;677;743;849;922;1022;1092
5.pdf_46.jpg;12;76;160;274;353;460;535;632;713;813;901;1008;1079
5.pdf_47.jpg;14;120;175;279;335;429;486;585;652;744;808;894;960;1049;1103
5.pdf_48.jpg;14;78;146;237;311;398;465;559;613;706;769;866;944;1035;1109
5.pdf_49.jpg;12;129;201;303;380;485;562;667;739;840;918;1017;1092
5.pdf_5.jpg;10;139;229;344;442;571;663;799;885;1009;1092
5.pdf_50.jpg;12;74;145;258;330;443;516;632;704;818;888;1003;1075
5.pdf_51.jpg;8;219;315;469;564;718;812;964;1060
5.pdf_52.jpg;10;85;175;304;395;528;618;748;838;971;1061
5.pdf_53.jpg;12;128;195;290;391;487;557;664;741;845;923;1020;1096
5.pdf_54.jpg;12;75;156;261;342;449;529;637;718;825;905;1012;1090
5.pdf_55.jpg;10;155;240;360;447;567;653;782;861;982;1070
5.pdf_56.jpg;10;79;170;304;393;534;616;751;837;973;1054
5.pdf_57.jpg;10;163;243;344;433;553;645;763;851;973;1067
5.pdf_58.jpg;10;78;166;309;398;534;613;740;841;972;1071
5.pdf_59.jpg;10;93;186;312;399;533;616;744;829;968;1059
5.pdf_6.jpg;12;68;146;251;331;444;522;629;715;822;905;1014;1092
5.pdf_60.jpg;10;89;183;321;422;539;636;752;846;975;1057
5.pdf_61.jpg;10;159;245;365;447;571;651;776;854;980;1064
5.pdf_62.jpg;10;94;181;307;397;525;612;740;835;970;1055
5.pdf_63.jpg;12;135;200;299;371;480;551;660;732;838;915;1019;1092
5.pdf_64.jpg;12;81;152;264;335;453;523;640;723;838;911;1017;1089
5.pdf_65.jpg;10;166;254;372;452;573;653;808;864;986;1065
5.pdf_66.jpg;12;84;158;273;349;464;537;648;721;831;902;1007;1089
5.pdf_67.jpg;12;121;190;282;358;453;524;641;716;824;908;1016;1087
5.pdf_68.jpg;12;89;157;267;330;447;528;631;713;813;901;1005;1087
5.pdf_69.jpg;10;164;236;366;445;575;649;780;857;987;1065
5.pdf_7.jpg;14;101;163;251;319;417;478;570;633;723;786;876;940;1027;1100
5.pdf_70.jpg;10;81;164;305;387;529;611;754;837;976;1058
5.pdf_71.jpg;12;124;182;288;360;472;543;657;728;834;907;1012;1084
5.pdf_72.jpg;12;69;145;267;334;451;519;638;705;831;891;1017;1089
5.pdf_73.jpg;12;71;144;254;342;465;530;640;714;830;903;1019;1083
5.pdf_74.jpg;12;57;130;245;318;434;507;623;697;821;893;1016;1086
5.pdf_75.jpg;10;154;237;367;449;581;658;794;861;997;1073
5.pdf_76.jpg;10;85;162;309;388;529;610;754;835;981;1069
5.pdf_77.jpg;10;184;269;381;464;576;662;774;859;971;1058
5.pdf_78.jpg;12;79;157;266;337;440;518;621;704;805;876;987;1064
5.pdf_79.jpg;12;144;213;319;388;489;558;659;731;830;898;1000;1069
5.pdf_8.jpg;14;56;129;208;284;377;446;535;607;698;769;863;934;1024;1092
5.pdf_80.jpg;12;80;156;263;335;444;515;626;698;810;882;996;1069
5.pdf_81.jpg;12;137;205;300;374;481;547;651;732;840;905;1007;1073
5.pdf_82.jpg;12;80;161;264;338;447;525;635;719;828;894;996;1073
5.pdf_83.jpg;10;184;271;379;470;579;666;775;867;975;1061
5.pdf_84.jpg;10;85;179;315;403;532;623;756;844;967;1062
5.pdf_85.jpg;12;140;210;307;386;480;554;651;719;820;895;995;1070
5.pdf_86.jpg;12;80;158;265;340;447;517;617;705;809;887;995;1075
5.pdf_87.jpg;12;117;195;293;369;467;551;656;740;839;918;1016;1092
5.pdf_88.jpg;14;68;130;218;286;439;501;579;648;732;801;886;955;1037;1106
5.pdf_89.jpg;12;82;156;260;338;447;529;635;716;823;902;1010;1085
5.pdf_9.jpg;10;130;216;340;428;555;644;778;863;994;1083
